1000
49584 92557
76149 23169
85922 72485
12056 57563
57172 28396
61788 53160
11771 36070
36034 80837
92497 38709
35589 3539
8355 12637
82673 39645
53990 90492
73942 34477
12770 76525
90806 43147
7528 60971
50799 33160
56388 3463
47536 60927
50210 9062
6174 62843
92872 64708
76306 28560
35937 38777
94896 91821
95242 71905
78074 82496
58487 3364
42573 32379
80143 83986
15050 16866
12801 24043
60713 44828
42566 12432
51443 79750
80171 22143
97963 86677
9185 86249
90680 51529
8042 88478
29413 12037
43547 62954
73537 72858
80129 38788
10928 51323
61289 96930
26650 14870
97542 29083
50440 26343
38605 1450
75838 9171
16646 29690
73181 80849
22161 65726
63726 80207
14326 81872
82789 31617
73657 13286
36076 47590
76397 85807
45248 70157
7238 13027
86321 90948
29828 93783
47614 70102
2970 79251
72730 94886
64506 7428
8485 80386
4567 22043
47660 16636
15234 2794
42157 9258
34582 34281
63359 43967
99672 32144
3428 29235
85271 26639
43763 35945
32907 76246
65006 58060
68309 46896
36746 64108
64386 46022
4461 95740
31595 44871
86269 96640
7881 57368
2687 22755
76322 69338
88889 93127
60216 27977
80821 89502
32525 8220
24079 2470
29443 70000
27575 52063
76313 8410
72807 81519
18176 77354
93928 34369
96983 36540
63833 77037
32788 31530
57140 21838
47226 67023
12178 38537
14168 74707
81038 16572
34612 8702
39209 54600
10750 24020
24518 9180
37580 6436
88807 30231
39507 25787
75235 47315
54121 78938
79056 47844
5620 73548
10413 5999
16357 79212
53920 79442
76524 38726
11743 89814
29228 88898
24351 42592
31032 87745
86321 22035
16480 82869
13287 17741
29241 84434
70567 792
82166 25400
43988 69482
73930 1540
19092 27327
20858 84236
36171 39329
59133 90188
5464 36430
34773 73891
99389 2586
26619 81102
86811 84138
41018 64510
38110 6888
75958 16432
9241 72764
77158 17606
7951 34988
98888 35994
56007 18336
38309 35023
87521 59380
33679 66778
65384 90541
3954 32432
55316 81315
60210 89522
70203 80220
37693 73703
86138 71810
81445 81208
36009 74527
68131 27475
6469 57217
62026 57289
99776 44805
84098 32247
73272 16930
19673 62482
36148 77266
2408 81331
65664 85808
90105 83958
3157 1561
91368 63986
3907 78903
11185 85749
44359 97295
58226 24059
35186 81051
96977 88211
49358 83600
33777 22468
50615 68923
97441 41358
99663 21807
12311 14856
22927 58102
64450 65911
51823 86324
30129 80730
79305 92776
69842 60873
34814 83777
90806 65437
48801 20607
46206 1475
63608 25514
70430 21281
48801 20372
46111 76299
95894 83528
60991 59122
99985 74947
40470 37441
83895 84888
35148 46787
84243 7209
1754 62497
98236 24762
40568 15613
84986 21442
42757 52245
25823 3096
57036 61456
74321 17813
6601 12814
68673 15038
74541 51491
36535 72509
28708 96195
95659 50180
75549 73133
42336 1109
16419 97908
24122 80701
29656 86405
13316 47763
16986 35653
33292 43481
33828 66087
41083 67763
69610 57784
36490 46273
56434 44965
50513 96084
62267 55419
64049 53003
68269 94513
21575 19467
38983 77028
33910 28287
68775 4343
9194 94629
28299 69318
11852 46226
40663 46732
25583 80178
88603 93244
88304 93580
91138 37576
74519 74801
91044 88985
23692 22375
62923 30087
52007 79316
85726 88693
39276 32039
23305 2564
52776 25165
21894 864
55435 86140
64380 26560
47082 36909
17801 15143
4335 93797
72722 26786
17247 21329
971 1402
68960 10854
51666 69071
68404 691
64557 1912
25438 40885
4413 37705
52898 32763
10497 40445
90619 41116
11165 88497
72786 85159
75169 97120
1870 63335
58478 88882
49905 56585
58252 22843
81026 84875
4055 81385
77946 62577
496 92144
59451 9740
85166 31796
96000 28291
81099 18257
66179 44962
3914 48368
48017 55940
30404 79270
6063 82260
47529 83364
17647 59442
78601 29162
79906 40079
26916 53294
52893 83877
86163 92562
23516 46091
41647 39161
20053 52302
26698 67064
67639 65236
4597 53043
51392 7530
17924 81915
45733 3376
84442 82348
75995 41433
21481 86911
1518 41647
49205 48058
48260 29361
57271 70328
73273 81579
19063 38303
13486 12238
3031 29713
56822 6075
61621 3578
74995 93932
74855 44371
74170 86307
87846 24952
52263 46461
9343 23363
99729 89631
31870 91571
44497 40627
93107 27858
21108 68582
22864 48806
39108 44639
10322 91658
36401 36029
82194 3367
29556 58328
4022 88723
14928 56577
4041 96699
31989 75505
71863 21530
73403 9288
2717 83007
15158 92055
42029 29095
44450 1793
34854 73229
83039 2348
9 38475
39447 40893
29684 31279
74627 51538
61934 8588
32636 89696
85611 33904
70355 36325
15180 40183
18459 66407
16273 30468
19586 71768
71945 50776
19072 64806
54303 63994
28631 66722
6491 38383
43985 1536
45990 39805
73756 75476
71772 82889
28788 20238
95040 53075
28615 18174
16136 58871
4915 7647
38645 11623
20578 87587
45808 58701
77393 1697
64061 15289
55396 84834
3862 49765
12541 96738
98898 78206
74662 51608
61383 14624
62552 75925
33325 5301
35520 91499
41513 47941
78941 25866
57391 59356
27070 97986
22102 9006
91779 13604
21674 79957
62932 31684
87652 53688
56693 31019
54450 40652
14415 14407
26260 94633
96568 36709
93586 55653
73746 32653
92270 63557
89913 50452
16375 72412
61807 68054
80330 74430
82843 80313
75492 11394
19848 97403
81561 11418
26625 87469
74300 39369
49608 29814
17538 90371
67747 18852
39683 87573
91318 73599
72786 67719
42459 62659
75636 51037
54024 50446
71504 95585
52745 6835
5788 30438
37690 99464
69203 46945
25673 5586
38087 2786
11531 38691
54976 59674
83073 84013
9829 32273
38034 76620
85091 73286
73511 35935
96249 57625
57115 91345
93629 57224
43495 94994
90865 17272
69868 19885
50838 54500
49879 84103
90789 98675
86354 25279
64949 89531
40406 73323
45200 23127
26895 34021
48113 13990
54358 1254
50191 2363
91315 61416
92196 89515
20251 40003
98178 28310
35578 67436
25117 31074
52541 8820
15093 82299
20295 10657
43437 59853
74280 66475
43552 75065
20528 92841
41908 39462
17695 37453
55197 53875
11372 11765
85669 94304
79623 52050
436 38098
68734 64852
95813 33938
33763 5439
28755 69554
49800 71197
44010 32243
26704 65797
37831 88971
42612 4558
76904 35243
9675 86558
34634 74868
99223 54895
15973 96392
82971 2879
16727 6204
91887 61031
3566 63162
55008 17397
6963 35116
56720 82022
90818 63763
42964 5344
99789 81072
14303 99796
88136 67813
66957 94120
2354 82771
81675 70662
23980 19797
14706 97372
78621 69114
15156 68249
82618 69139
78646 8691
29702 35583
48481 85463
16578 45708
92424 84971
68598 37338
15663 88033
54486 54604
18759 74544
72564 35388
73071 37236
50001 89030
65594 70130
21291 57131
60152 24363
42551 85096
32506 91717
54116 57622
63267 84514
25567 67371
14324 29421
4459 92874
72083 82306
42920 59023
13910 1425
94688 41535
42975 87053
59271 55361
41053 7058
99623 36260
8901 80016
75025 84622
99429 80101
11874 91111
190 61293
81603 4815
88585 72404
67219 36313
65708 48919
77730 10467
72898 22877
13227 96689
8843 87774
92442 48088
94454 91941
29327 75111
77774 10852
85520 64181
31813 66527
31527 27287
74468 20496
21039 34641
31607 65680
19982 39214
71866 82153
34765 49349
64923 1863
52627 43632
53701 48243
41066 50808
85425 78035
53056 36792
16413 54713
50068 50638
91170 25575
85879 81887
97603 57854
90750 72762
17068 13142
57726 10456
20492 3967
60678 97114
9944 81534
27138 58092
68818 49445
48084 2689
63148 84640
31514 95798
31651 73853
96997 33771
12674 41547
64344 43294
82552 53592
11118 38165
21731 29896
60911 75627
82552 88711
17156 51256
5737 75555
75681 59393
21385 459
33319 24733
74664 18689
59572 79912
36445 42144
13667 23797
94710 61302
70314 45681
73907 90884
64025 41686
96238 26344
74096 81427
81472 12828
50164 5342
79938 83438
21708 46094
47187 19418
43959 71052
98169 21324
7380 37098
23796 57279
78209 33889
13431 72090
43519 67158
3068 99313
5839 99780
60915 17268
9552 25056
29562 29566
84183 94030
67097 30876
58069 56640
68285 39466
30048 5134
1317 39485
86482 27393
65680 77985
16259 87694
62299 4380
7393 52911
68421 23322
5401 73286
26571 55907
75873 8613
89443 68681
41444 63089
10733 35074
56870 55000
35683 39715
44973 1113
24523 22485
40927 39803
36969 86225
82705 51855
16645 59695
41432 63355
40512 15679
7017 31200
40299 93046
31592 18487
60471 61145
86171 64415
90375 95079
4343 41314
97014 1200
70953 70040
89259 43597
63385 34200
64358 74407
68416 93529
23216 63442
78565 47268
92225 55928
18441 39445
56279 61090
63793 29753
90163 88855
93816 76056
73622 7118
60702 87539
89204 87839
69528 11152
31360 46633
36257 8212
294 57593
31987 62910
14724 42746
27512 39947
53953 93849
23870 74638
31573 83155
91724 35567
10625 59337
45299 47228
93190 4921
45013 98093
56161 52387
57045 88138
59320 17528
97790 89120
21899 10702
56473 741
49401 29281
20149 86341
93781 17913
21926 62861
46933 7140
95411 1560
99975 5457
46247 68336
48962 25062
45052 95498
91438 67395
5149 30415
37597 80921
33193 50753
54893 30720
31130 70841
75544 87100
83869 89206
22655 48740
88647 43431
52598 64820
69270 45231
68771 10122
71230 65992
35041 97286
52172 31026
5919 81169
66269 59393
94909 21738
90745 55382
22527 23906
58154 17622
21073 65472
38949 82241
24563 57558
65475 57668
39093 55917
722 40347
71436 55995
33000 23036
91799 59840
21165 20342
20488 98722
24108 39744
57541 31772
22911 20615
19503 18000
84413 48607
8076 76710
20910 28238
11705 9657
72246 62665
33035 57190
73807 46329
42682 193
76731 23555
82928 99811
55123 4151
83708 87734
69131 55675
7640 81268
52456 11288
10901 99427
58195 41951
92361 99003
27885 42226
4675 32847
45176 70059
17927 56516
97792 62655
58938 74004
99255 22903
97492 18450
15305 33839
14497 9510
99051 12195
66518 15503
63557 56366
56106 75508
10938 78962
28011 4250
92975 39611
37634 10915
99849 9800
79966 11967
60793 8248
24778 7583
93302 42719
76976 21512
56000 82122
69801 74935
44322 61386
2955 76367
17917 90832
57733 61666
63971 1616
56927 10893
81617 9328
88484 2084
19206 18918
78838 35897
8378 25875
84339 79670
16738 90948
67338 34582
84385 78687
37275 25431
18620 53671
66495 48948
95879 22583
35552 93630
60256 95081
23386 61744
13950 11978
34047 82466
66536 55296
43523 4024
47190 11538
57756 92288
86801 6861
96060 43409
45396 70836
52950 38916
94340 14085
45752 33112
62535 24327
25417 64646
21120 95236
13588 26822
12170 2977
30238 14522
23460 36438
93092 89508
73554 68873
2580 70456
99344 31074
74199 59240
31585 9136
43920 60760
3078 43541
51705 40087
58846 50474
3185 87682
27997 21187
20208 31184
72902 80701
17244 40521
52920 3238
82510 22037
27091 88540
211 86894
73067 564
23435 9148
17988 58056
96008 59741
61121 45107
26007 14040
17750 79033
33651 82635
29166 32791
31946 7755
64557 59626
49696 990
87171 8749
73438 71907
69336 52618
67317 11728
18761 68695
28125 51369
21984 31618
46448 9003
19937 75268
74275 78667
5278 78505
44466 88540
71488 13173
48077 75162
49699 68477
51848 78178
40765 31957
30030 59106
87345 64004
92264 87201
33543 50234
12353 15630
88161 54036
1556 92014
41660 20197
24401 8767
86666 99778
25067 773
57147 76245
18007 40566
32406 73372
97751 64511
48542 16545
39738 87393
22312 803
96541 27376
20097 91370
41981 68483
98178 45366
79412 33521
99582 97030
9846 26830
17468 93023
50601 33262
25385 99227
5816 27492
30635 25965
16428 56048
28615 34663
59108 3382
23179 95722
21184 42847
30908 64734
51696 3634
5632 32147
77529 55508
3636 80129
77944 24615
59672 49586
30851 5692
59241 80167
79814 28663
73585 36590
22053 70937
70364 75702
84588 80624
25256 40471
38206 90442
37504 89419
97068 57281
95913 83045
65533 58153
50893 52353
23202 9736
22809 68883
84163 55713
17292 20460
27090 83832
24058 72408
69123 92875
47417 60061
48319 28688
53827 15149
87018 47935
24694 76001
31594 48440
71078 69500
2838 25786
1039 81331
45601 77240
30069 50298
36370 76147
90386 32364
93063 82613
25826 80549
32637 39563
55645 77914
38945 27247
52766 42644
35855 13747
9804 96554
8754 44282
59703 51370
81322 57845
76873 20727
33896 6190
9415 10071
44719 77194
83388 71527
46035 92314
75991 36259
13270 56165
76146 52983
47408 85152
38152 68025
68208 31659
86917 79675
9056 50460
51758 87575
92999 24831
89792 36513
73917 81250
9695 23201
46797 73638
21910 94500
66737 10768
22350 16042
67549 33762
63235 31306
37752 24522
76878 62941
94241 40512
96111 30500
92093 26444
58459 71740
22703 49270
90275 58237
81870 39264
41753 90332
34455 97059
84054 41257
62883 44167
85760 95807
63029 52811
57432 95008
42921 89822
90271 55008
87224 48923
17698 75725
73590 25855
97140 92841
65754 11666
43379 55291
62638 40839
44548 29653
52736 33034
57151 42721
8722 9891
7495 74010
58467 51602
23449 1069
85562 81947
82699 82210
44954 34984
91461 33624
27454 61792
1111 20853
70643 81459
29221 38185
93083 66925
76261 93791
23800 83349
19496 53273
9585 64342
21617 19800
9003 19715
13182 45093
23825 17300
95185 72291
76184 70973
60893 9071
12831 97168
54524 17386
6699 72983
68469 84811
30344 40403
30412 11705
95848 53201
47089 8283
91440 55776
52335 46165
96328 16477
53693 50079
22164 11881
84025 47148
12047 73062
42433 13556
26146 60039
52237 71338
56772 26421
72831 91716
45138 72660
76975 55581
17051 63411
45371 6621
15438 2135
36369 8074
83868 14417
60207 80189
47137 90361
24396 52231
42482 76019
19710 10210
78165 83941
84671 59537
34906 13764
20541 50373
80065 35173
28486 32727
34474 87624
5964 18178
17468 93880
70311 25620
96954 67728
74090 79522
88208 20171
38973 10929
77661 32922
62774 83818
96039 73217
47684 32380
29013 69768
56849 48445
32903 56096
31159 2467
17999 14524
88409 16389
72707 21818
82995 32171
27999 5717
25847 35877
3546 70580
51539 3974
34411 39860
72341 35843
50356 93349
77423 24488
68552 47910
19508 96060
64914 41834
81000 18035
9259 35035
26905 35752
85167 29941
32853 47508
66675 51270
23103 69525
90828 96778
65600 73827
47647 85643
49027 4444
7193 86296
10196 90340
17202 1345
89264 77077
34139 23632
64921 93471
95553 54529
62044 54342
2253 93255
30281 75972
55089 64301
63595 46982
83039 48958
68001 54079
6789 26508
87587 9497
5166 10817
67330 64925
90540 88864
65343 25359
53705 29153
26850 95514
8782 30034
97553 1337
54305 20610
85004 29609
67956 10217
73161 19773
69271 6399
57534 23842
17195 85827
96153 22611
57482 7812
65037 49383
98715 5850
65940 26037
75122 79061
58847 60498
49366 32444
82032 89536
19157 82535
78437 76316
17779 53367
68724 88207
40526 36546
98554 87144
86582 78814
40476 62152
78986 90648
49276 21651
14126 40236
53704 41787
96584 8604
17216 36244
35176 33719
15689 72876
11683 64069
61049 12979
85020 75505
46285 90140
60517 79093
99592 77325
36456 62231
13158 13259
38218 60494
55617 72106
64096 53461
86234 64093
96272 14193
63619 48958
75458 19099
82082 28952
98347 42593
74726 63627
73282 19246
93909 14752
61466 55068
16969 86430
38533 9095
27896 72866
34458 46650
94104 64210
48546 86428
91559 89519
90650 24990
31189 95123
69757 24306
4855 66541
36757 90662
135 2569
89476 56521
29713 41310
64908 909
83410 19603
76169 8387
38716 19719
99778 71884
59117 20156
82676 90461
68631 20980
17774 99482
15644 58396
31844 97756
29478 58115
40217 3837
29088 2542
49006 82034
64854 2943
27490 27551
61653 74484
30783 89756
84215 9397
26097 42758
64238 31511
64636 83260
12811 94008
45583 47072
91399 51497
38643 87759
29982 97366
67270 53516
61901 7854
5939 31722
91520 75406
11772 4506
23067 45602
93285 73228
56797 94334
17227 64966
2113 94862
68205 29861
66359 28026
5207 74653
52678 83110
4156 54733
40703 81721
36258 64769
29764 32530
8183 26210
95916 90854
82028 68945
51264 53770
499 43915
96910 68834
65924 83661
29314 72457
60462 48593
93922 2613
49264 58194
79634 49777
78388 8409
13013 19866
64868 19168
42098 83455
77661 39268
96252 76610
25047 59782
70711 478
96592 51717
12288 39092
55943 48789
76203 77855
44468 42030
83020 58778
35164 39321
29452 52785
71271 70035
97066 64263
34682 82618
58923 8521
15490 91266
5733 18934
95933 76752
342 47288
19497 36032
22187 18215
89083 5424
81797 86566
26940 52956
69538 25225
33407 46902
52471 40071
1597 59585
48530 68669
80731 58190
88218 69769
32152 67637
20544 51793
88907 64497
32178 20233
12340 75464
26623 46241
37244 9094
53629 71697
10921 45315
88213 69627
60883 43624
33292 73110
70934 7969
60328 70656
6045 63954
8287 41532
2674 62328
32843 70631
33105 21647
34932 39203
59866 62528
610 35158
19470 66118
52613 64597
13466 10171
48118 74890
39178 97578
56897 18808
62559 94236
19377 99131
21199 35811
15118 33586
46804 46260
68745 71137
13385 34899
82627 72348
49866 3358
13402 38922
4010 98936
2905 40501
8307 96666
33159 40428
77867 78840
99753 66405
65382 7781
88324 6858
8871 55324
94752 39288
34182 60785
51314 13017
16119 38105
8209 15466
59598 42415
72725 48481
35358 36441
26770 29176
93538 67975
27553 8432
82823 81056
45935 69360
22869 35555
12286 27972
13390 2548
20643 8724
14521 36140
88549 8760
2 96348
82157 96403
67219 12191
94021 11789
86311 29311
4442 50563
84285 82265
66327 15134
89510 68019
28235 12251
6972 74270
50589 60502
55284 33868
76020 46850
72780 34910
86370 37413
91846 15028
16101 4444
88207 7918
94684 78831
35019 90343
58986 75421
30383 98650
10795 67083
21292 45255
94272 2667
17051 67607
33503 73891
70833 84825
1253 36644
9340 20478
86612 83344
7388 73942
91434 44706
36787 87278
13296 71638
67032 59782
66168 10978
59053 8149
49057 42412
72726 56602
97613 88107
3803 68421
43985 41515
76622 97950
66216 87240
45181 50488
30010 16
97082 86367
12921 17540
12358 95103
53870 79308
2354 95655
89310 11567
42579 89644
21480 17106
17866 5797
13879 97867
18186 25951
24411 98199
59088 75600
67648 7083
52057 95299
44185 98755
16908 83141
87318 22915
10918 13088
55085 78027
47493 89102
39160 14274
90978 90834
71189 16274
43567 3052
81862 9942
85344 98025
8323 22744
89072 57782
51520 2064
7671 81441
56638 62521
24169 21748
26982 89821
61490 34497
84525 76087
72513 4708
58750 99587
69682 34196
19555 90418
7779 36638
69638 42915
3535 88267
77157 45439
61372 24992
60393 98673
75851 60076
32732 84673
98291 20394
78486 30661
87548 63868
57917 83906
13082 45838
33265 77032
42212 47939
66683 16701
22854 69472
65679 72856
68056 8306
41990 80586
59291 26045
5787 92139
11729 450
38686 32746
86625 17096
76231 20644
93442 41720
83370 9048
97525 44963
24899 95825
37853 21964
16901 25217
63844 60690
94968 75212
20167 64981
50273 84014
44186 30904
65541 19572
91912 8356
29560 37214
75247 53760
21058 2180
75825 94263
30614 76240
98873 79000
32725 80511
44328 88816
29246 50264
1800 12236
60112 91705
21020 72548
17573 35604
70027 8519
6175 58116
69660 69584
62242 5261
84762 85263
83867 14277
60078 8102
25235 72396
11916 9635
77554 91613
25478 29647
92958 6607
62078 40444
7452 22226
50581 89888
84308 46808
22938 29649
30259 48084
55062 18385
33440 59554
91100 13538
34222 46932
61734 29946
67918 16633
55254 48662
11803 11274
63934 5169
27959 90754
7635 72613
18181 41729
31559 82715
97486 93163
85753 94705
48770 41108
20212 30921
42669 2008
71320 46651
93971 20528
72910 91315
78681 55291
98343 48314
54351 53902
28796 11613
10352 7221
47330 68599
24454 42124
78330 10780
17446 71816
27567 86572
78457 73283
29384 43730
80237 2559
74409 82888
15857 90227
73723 58244
66115 81954
13552 16591
50409 1814
68307 61684
22900 19805
69229 67389
50505 99175
70864 40081
49592 84044
18284 48451
64207 63312
94207 97176
40237 12930
17083 19834
87130 75366
68726 5994
21623 82468
53210 57596
56380 65882
27527 90520
30520 27850
98900 58686
78755 64390
53650 80068
1135 42767
68170 86681
26406 35646
53843 3910
58530 5404
4591 88458
58161 13852
48327 18758
38659 4962
51658 36867
49722 71177
91012 86649
80768 67519
82720 79493
40929 81919
59621 45851
62830 5076
92405 98578
33301 68635
80161 42326
75741 36592
76510 12190
96058 41553
75215 14364
56963 54865
52300 71705
63815 67612
50490 47945
29330 38064
96170 35691
34168 30451
59082 45408
15712 29746
629 25265
98368 67669
7914 75016
25239 36203
77552 91009
63275 96695
95791 93990
31801 14931
59652 46512
47818 65588
97532 62585
90510 53091
77139 48624
62144 90099
33634 91789
62838 59760
11498 29503
2668 63321
89915 92231
46132 20811
53358 10520
21227 49258
76588 16864
28205 90249
16396 53117
51539 96640
41233 15007
12715 16837
84224 26681
1170 34306
75099 40327
86024 29825
92231 98525
42218 34496
77208 80336
21251 32629
71307 76040
58905 55369
65700 99972
40208 78274
5427 56113
35293 99077
50887 16865
78946 25433
80032 61876
91317 46731
9450 50842
27582 98893
23162 71865
350 56572
24252 15265
40139 3276
66307 71675
46488 36694
79207 42769
35087 63838
76907 83186
4768 28632
23658 62990
32288 93177
39478 51431
52524 63148
45729 74849
97059 7682
87294 94194
45074 74545
19091 80983
87043 42546
11606 44410
13954 84838
12600 76884
22594 39172
315 40449
70889 94103
77264 12343
26393 3801
83087 44360
25713 38340
49983 67765
2977 61192
84844 93149
51443 1176
38531 12937
53895 52177
14585 13182
54697 90734
77209 40823
49202 48927
41495 52771
34677 17996
67644 93973
974 86744
35299 13047
38903 37990
44181 26117
9567 36229
72798 82167
48915 40132
28317 66519
78309 64625
37562 2968
54139 99042
61624 79684
17339 60192
64712 29113
97118 22176
31640 37977
82290 18419
7761 49831
98321 55582
30144 49745
18512 13921
29460 88315
93717 34132
8306 10517
6561 6828
43592 3867
43341 87541
18129 69856
29627 57514
59696 52858
94023 38505
54671 31452
8634 48482
7637 88588
4517 54289
38470 29017
75684 37238
44002 5122
66210 38093
2645 45578
81584 88977
67270 55176
77620 71523
74118 68733
58121 62917
93702 97141
55890 44489
63408 99456
80823 51104
70901 51313
93478 33871
2459 57027
2880 93514
31018 70415
93248 17273
94950 47660
55951 18289
10529 54481
40161 33190
68528 89413
38545 80924
88549 65185
92771 23923
43450 10964
37686 1238
20643 19700
2739 22570
57042 66809
54562 21964
70073 69147
95545 70415
8473 36493
29868 37774
63440 91731
70627 76046
13263 416
89534 68572
22683 55631
4133 52536
82000 9823
56551 75890
50370 31725
62497 94003
62700 93540
99596 46203
70251 61228
60036 77893
11286 69033
14159 90000
50016 8326
18778 4294
79618 50379
56869 30435
58218 52870
13722 8632
35542 70713
78734 80390
32301 3230
11726 9056
54398 61748
27989 31770
59711 34363
37242 74856
46453 57922
18254 5873
99013 81194
23080 27229
9706 17771
82717 38644
92992 42375
29423 8741
22514 80100
60029 99656
50674 74502
39288 82781
15504 97519
82627 68641
233 81877
63633 49371
87206 14940
63181 18396
39726 31879
14320 88633
52883 85600
99870 77903
37617 51034
28131 68256
40988 42197
46194 74471
60045 81859
50048 76288
76721 65706
16016 78753
26773 5552
8991 65571
17124 19468
19550 1446
22794 60615
44218 21166
27176 41114
50980 15512
17530 12480
65606 87083
11339 9916
73438 2747
68587 54227
55986 13640
40005 32134
72016 48524
12010 43457
48770 11796
35302 11943
70543 33538
66000 5416
39043 25770
5707 515
32801 96385
41 57425
11340 60283
43930 40829
93913 65797
46393 34725
92311 23750
27500 50805
92583 86369
55900 22781
61468 73739
86533 12312
99904 86599
25071 26153
78222 76051
28119 58660
65425 63069
46386 28992
8422 13718
31778 78126
26201 79603
58773 27247
58574 7271
55454 76110
49506 5223
223 37662
50979 32592
16483 63493
4923 39735
89481 13639
97959 47685
37001 63774
86521 765
88780 23046
58397 64695
68239 56567
30801 71086
24562 68044
84781 28497
33154 33
1143 30058
68138 52023
93966 88187
51863 99830
34431 18001
3246 23708
19842 72804
39316 17152
70573 7347
32464 53525
31134 7608
89675 33443
10617 79379
99414 22306
22509 32250
86845 14358
74164 30404
28731 27404
12218 7144
5608 40551
51780 56172
10732 36300
4461 19395
92824 97869
73120 88381
82756 42775
99685 24588
43138 44534
36450 82090
84104 5742
61013 85779
8659 97877
70285 77867
86567 75790
70016 96013
7052 8223
22838 87509
27453 39540
30019 95695
17509 12485
99992 77145
97104 36881
150 21142
79039 85060
97482 46577
57833 31166
68347 45656
30540 28595
98009 28653
96240 37447
96498 99422
57106 72212
28974 57532
35868 38825
95945 79581
32008 69754
1548 79648
62137 45997
16543 86801
68828 15645
76765 6214
36522 80075
57471 49666
23171 20942
29362 31079
1925 83751
33016 23215
8427 17139
5047 62788
6189 90899
51511 72971
15030 80329