100
3941 11750
54184 64421
4203 57060
24778 69699
40667 60008
14493 44068
80039 28340
44027 76516
67686 69203
69976 19572
6764 57346
88214 82434
9322 21891
15248 36093
78580 6194
74960 72317
46900 65210
3782 1060
24946 65223
88641 54168
14094 41958
68875 87160
96356 54793
65858 35426
43937 47187
52230 86351
83984 86390
36355 74693
13159 9151
17082 94941
81408 44360
58844 51455
54586 18417
47830 34849
21602 74622
16186 21386
33283 53993
63130 41091
47407 91653
59377 49800
7151 80277
94394 70599
98683 40113
14808 40844
17688 13668
6660 12430
24348 72405
94226 4997
81603 82668
63775 4450
52499 28517
71881 32464
78998 30297
64851 86580
76830 29471
18278 65035
58817 32650
3944 45663
42533 20697
5017 83987
7261 32430
29908 32052
39909 26676
20159 56619
49884 11277
8386 52979
38869 3170
58571 8982
83052 49730
12875 72790
22536 98365
76703 17390
55500 48639
96833 75133
3165 59265
26265 36296
45650 10866
23776 67160
28559 44658
6231 5093
5435 7099
57314 30831
12205 30979
97643 1446
66296 74604
38087 51404
45323 22410
70668 33700
28081 22747
99544 78172
74029 1533
78344 89973
76531 44111
99533 97540
49830 81869
76489 86489
73 55043
69635 23522
86634 48635
34213 82744
1605 14449
9216 35713
82490 99039
24487 56075
25995 94672
76136 19850
89263 18447
9232 53209
48975 3282
51070 91004
38439 53751
58370 61387
98159 79598
77403 4510
56269 70255
67290 66609
1868 14782
3641 84692
26449 3429
62196 91612
86467 69323
80296 26477
83551 41835
7769 31139
67935 86741
88201 49964
45398 2567
56619 27080
8344 27348
203 13036
17580 85534
4963 51067
32974 70880
3187 12085
28338 17903
43983 87104
28755 61839
32393 25931
76990 25045
21331 31798
69736 96369
94966 83017
4126 89298
52222 54782
40300 74494
84699 56952
16757 82887
44568 86901
51806 66546
14931 20488
26638 86320
27612 28740
73383 67613
21526 12994
84951 28593
98511 97079
22563 38835
12925 1526
21565 10531
26327 51838
86463 59372
69188 40553
22068 97594
77870 71104
69221 37878
16996 60429
780 93473
54847 66819
86382 57304
32574 39683
52942 30810
56788 58692
51946 51861
49469 41205
94292 40361
9172 48926
28770 39974
73145 17409
21228 84943
21233 65340
38046 62045
29360 14451
49765 69479
62881 65453
48530 96865
98250 30581
16474 63478
75208 19116
91252 55500
11109 8697
49631 97279
54010 12268
70397 76466
11781 68198
43759 18377
70801 39397
66061 71047
9648 6194
95771 19178
20759 77275