100
24 27
3 27
26 13
9 25
1 11
3 17
9 2
26 24
19 28
15 15
22 21
29 21
10 15
9 2
7 29
19 29
25 5
6 20
9 29
13 20
23 8
25 1
22 26
28 11
19 20
0 14
21 19
10 4
15 10
17 13
26 7
9 7
23 9
0 6
11 6
19 7
21 15
6 21
17 13
8 26
25 13
8 2
22 9
9 8
23 23
13 5
29 27
19 2
7 12
26 0
3 24
29 5
1 22
22 16
18 15
20 1
5 24
6 11
2 19
6 1
24 22
15 16
16 23
17 9
17 29
8 10
26 25
28 19
29 15
16 19
19 28
1 3
17 20
14 11
13 7
14 23
25 11
9 29
27 17
21 28
26 0
13 11
10 14
16 29
15 0
12 9
22 21
4 12
8 4
8 1
5 11
2 26
16 27
22 8
10 3
7 5
17 20
22 18
15 1
26 21